0 2.3120973110198975
640 2.275925874710083
1280 2.2022290229797363
1920 2.0748190879821777
2560 1.890926480293274
3200 1.5420001745224
3840 1.1996053457260132
4480 1.0412880182266235
5120 0.9255333542823792
5760 0.5709282159805298
6400 0.6341221928596497
7040 0.45258334279060364
7680 0.41752809286117554
8320 0.6542688608169556
8960 0.5621439218521118
9600 0.3241824805736542
10240 0.3344830870628357
10880 0.44810086488723755
11520 0.2719283998012543
12160 0.21768222749233246
12800 0.3168620467185974
13440 0.36753249168395996
14080 0.20743735134601593
14720 0.173283189535141
15360 0.16767965257167816
16000 0.22909851372241974
16640 0.1503210961818695
17280 0.2170083224773407
17920 0.2809712886810303
18560 0.07903788238763809
19200 0.21318453550338745
19840 0.14174513518810272
20480 0.11293762177228928
21120 0.30589529871940613
21760 0.08060042560100555
22400 0.2684139609336853
23040 0.2979130446910858
23680 0.326323002576828
24320 0.17507684230804443
24960 0.11012823134660721
25600 0.16045790910720825
26240 0.17180104553699493
26880 0.22255684435367584
27520 0.07797795534133911
28160 0.13075147569179535
28800 0.04823249578475952
29440 0.16158273816108704
30080 0.12168902158737183
30720 0.17807720601558685
31360 0.07883662730455399
32000 0.08414183557033539
32640 0.03173203393816948
33280 0.11522844433784485
33920 0.10260851681232452
34560 0.05951125547289848
35200 0.07940533757209778
35840 0.08345413208007812
36480 0.09573918581008911
37120 0.14446251094341278
37760 0.12200141698122025
38400 0.1171717718243599
39040 0.17099043726921082
39680 0.08106046915054321
40320 0.06482025235891342
40960 0.11207950860261917
41600 0.06095406040549278
42240 0.03837178274989128
42880 0.22844025492668152
43520 0.09358374774456024
44160 0.07534159719944
44800 0.1711624413728714
45440 0.11598887294530869
46080 0.4905186891555786
46720 0.017493437975645065
47360 0.0891169011592865
48000 0.12353549897670746
48640 0.07852611690759659
49280 0.14477604627609253
49920 0.05110643804073334
50560 0.06755799800157547
51200 0.06337987631559372
51840 0.1028958335518837
52480 0.08320966362953186
53120 0.12371652573347092
53760 0.176731675863266
54400 0.16468606889247894
55040 0.10574281215667725
55680 0.13482537865638733
56320 0.027046052739024162
56960 0.053444065153598785
57600 0.07390794903039932
58240 0.06739933788776398
58880 0.041903235018253326
59520 0.08408042043447495
60000 0.17675508558750153
60640 0.054693903774023056
61280 0.05450037494301796
61920 0.10225281864404678
62560 0.0333346351981163
63200 0.12758462131023407
63840 0.07722989469766617
64480 0.14811471104621887
65120 0.05680805817246437
65760 0.024680200964212418
66400 0.03476955369114876
67040 0.23007838428020477
67680 0.13965372741222382
68320 0.012686160393059254
68960 0.20706012845039368
69600 0.1646789312362671
70240 0.04432947561144829
70880 0.16556543111801147
71520 0.1395178735256195
72160 0.14874260127544403
72800 0.06961029767990112
73440 0.17642731964588165
74080 0.08798769861459732
74720 0.018366502597928047
75360 0.05391509830951691
76000 0.06091940775513649
76640 0.022518064826726913
77280 0.019574500620365143
77920 0.12643058598041534
78560 0.1710376888513565
79200 0.02671331912279129
79840 0.05081884190440178
80480 0.09239552170038223
81120 0.06122637912631035
81760 0.06870120763778687
82400 0.18139229714870453
83040 0.11768054217100143
83680 0.0494270958006382
84320 0.14658747613430023
84960 0.06885307282209396
85600 0.11908414959907532
86240 0.1258815973997116
86880 0.06542398035526276
87520 0.11141426116228104
88160 0.08922082185745239
88800 0.2052784413099289
89440 0.013470936566591263
90080 0.04231748729944229
90720 0.022684207186102867
91360 0.09835155308246613
92000 0.012053723447024822
92640 0.04812558367848396
93280 0.020566102117300034
93920 0.08267460018396378
94560 0.05608976259827614
95200 0.061832696199417114
95840 0.1258305162191391
96480 0.03027174063026905
97120 0.06422483921051025
97760 0.0848960429430008
98400 0.033133286982774734
99040 0.024127304553985596
99680 0.06549990177154541
100320 0.16143840551376343
100960 0.04767866060137749
101600 0.0581359788775444
102240 0.04097529128193855
102880 0.02745247818529606
103520 0.056994035840034485
104160 0.05169949308037758
104800 0.16576924920082092
105440 0.1418810784816742
106080 0.07328946143388748
106720 0.028261823579669
107360 0.08266765624284744
108000 0.07798921316862106
108640 0.08026596158742905
109280 0.0077285198494791985
109920 0.05711080878973007
110560 0.022106358781456947
111200 0.08969614654779434
111840 0.0715206190943718
112480 0.09610398858785629
113120 0.009576612152159214
113760 0.08808635920286179
114400 0.1725877970457077
115040 0.15825600922107697
115680 0.08902771025896072
116320 0.06062537804245949
116960 0.09351857006549835
117600 0.045659374445676804
118240 0.009474633261561394
118880 0.06816960871219635
119520 0.04351181164383888
120000 0.05630606412887573
120640 0.12461081892251968
121280 0.06066349893808365
121920 0.05249591916799545
122560 0.01110953651368618
123200 0.06979541480541229
123840 0.06587313860654831
124480 0.014652884565293789
125120 0.04344118386507034
125760 0.033385179936885834
126400 0.03168371692299843
127040 0.057999059557914734
127680 0.020874090492725372
128320 0.1022670567035675
128960 0.046280063688755035
129600 0.006778066512197256
130240 0.04386889562010765
130880 0.08185355365276337
131520 0.01093579363077879
132160 0.014385553076863289
132800 0.0684695914387703
133440 0.1017119288444519
134080 0.04936209321022034
134720 0.07600919902324677
135360 0.06706477701663971
136000 0.03316394239664078
136640 0.014801750890910625
137280 0.044930968433618546
137920 0.14680913090705872
138560 0.046989865601062775
139200 0.10750368237495422
139840 0.02175784856081009
140480 0.024718239903450012
141120 0.0742151066660881
141760 0.09757231175899506
142400 0.1068246141076088
143040 0.03049732930958271
143680 0.04584667086601257
144320 0.12150757759809494
144960 0.007941823452711105
145600 0.04660319909453392
146240 0.01777009665966034
146880 0.1412796974182129
147520 0.07858993113040924
148160 0.017338166013360023
148800 0.013020511716604233
149440 0.028626907616853714
150080 0.0610290952026844
150720 0.005582975689321756
151360 0.09216475486755371
152000 0.012943706475198269
152640 0.07965444028377533
153280 0.05699963495135307
153920 0.018102465197443962
154560 0.050845418125391006
155200 0.013298597186803818
155840 0.04457533359527588
156480 0.04663299396634102
157120 0.026333050802350044
157760 0.04036252200603485
158400 0.03445233032107353
159040 0.020782366394996643
159680 0.013140351511538029
160320 0.036613330245018005
160960 0.04218413308262825
161600 0.017252588644623756
162240 0.04771079123020172
162880 0.022755302488803864
163520 0.06844563782215118
164160 0.011799170635640621
164800 0.07940921932458878
165440 0.1460895836353302
166080 0.02075342647731304
166720 0.04731607437133789
167360 0.038895245641469955
168000 0.047397445887327194
168640 0.041700832545757294
169280 0.02931014448404312
169920 0.037216916680336
170560 0.006066702306270599
171200 0.14216835796833038
171840 0.03591088578104973
172480 0.1046791523694992
173120 0.011336764320731163
173760 0.04855131730437279
174400 0.12728016078472137
175040 0.007183982990682125
175680 0.08183232694864273
176320 0.023282745853066444
176960 0.014641029760241508
177600 0.03759923204779625
178240 0.14464256167411804
178880 0.029530270025134087
179520 0.06970281898975372
180000 0.033559832721948624
180640 0.02536536194384098
181280 0.12004291266202927
181920 0.018442824482917786
182560 0.05111994221806526
183200 0.09901322424411774
183840 0.020856713876128197
184480 0.020770572125911713
185120 0.0982690081000328
185760 0.00595066137611866
186400 0.05360450968146324
187040 0.07259926944971085
187680 0.04593176022171974
188320 0.10083805024623871
188960 0.018456336110830307
189600 0.009556910954415798
190240 0.09095119684934616
190880 0.056267354637384415
191520 0.011671277694404125
192160 0.03504448011517525
192800 0.04310797527432442
193440 0.03541497513651848
194080 0.029691634699702263
194720 0.023154467344284058
195360 0.02962893433868885
196000 0.06411822140216827
196640 0.016655895859003067
197280 0.07028431445360184
197920 0.0201235543936491
198560 0.024936089292168617
199200 0.013331661932170391
199840 0.025976909324526787
200480 0.009132574312388897
201120 0.028061918914318085
201760 0.018337499350309372
202400 0.03848278149962425
203040 0.009564138948917389
203680 0.03877856954932213
204320 0.0270722433924675
204960 0.03214007243514061
205600 0.006509338039904833
206240 0.09915878623723984
206880 0.016987444832921028
207520 0.026690922677516937
208160 0.045463696122169495
208800 0.012091601267457008
209440 0.15873731672763824
210080 0.10083205252885818
210720 0.013968020677566528
211360 0.022633368149399757
212000 0.01226082257926464
212640 0.03774579241871834
213280 0.014910039491951466
213920 0.017362870275974274
214560 0.010563861578702927
215200 0.029124151915311813
215840 0.03372674435377121
216480 0.0890861302614212
217120 0.0038508535362780094
217760 0.03240791708230972
218400 0.007164120674133301
219040 0.005956039763987064
219680 0.0231083445250988
220320 0.029037708416581154
220960 0.05318959057331085
221600 0.04099592566490173
222240 0.15948057174682617
222880 0.00976691022515297
223520 0.0352979376912117
224160 0.04582330211997032
224800 0.054820019751787186
225440 0.051418788731098175
226080 0.07628186792135239
226720 0.010742928832769394
227360 0.05139640346169472
228000 0.058978769928216934
228640 0.053019553422927856
229280 0.022577764466404915
229920 0.020619269460439682
230560 0.1243642196059227
231200 0.04451499134302139
231840 0.015675410628318787
232480 0.09366019070148468
233120 0.037638742476701736
233760 0.049611300230026245
234400 0.020892275497317314
235040 0.00875584315508604
235680 0.06216978654265404
236320 0.016012685373425484
236960 0.05220514535903931
237600 0.0845327079296112
238240 0.05495646223425865
238880 0.06505753844976425
239520 0.07016473263502121
